1 2 4 3
2 3 6 7
3 4 8 13
4 5 10 21
5 6 12 1
6 7 14 13
7 8 16 27
8 9 18 13
9 10 20 1
10 11 22 21
11 12 24 13
12 13 26 7
13 14 28 3
14 15 30 1
15 16 32 1
16 17 34 3
17 18 36 7
18 19 38 13
19 20 40 21
20 21 42 1
21 22 44 13
22 23 46 27
23 24 48 13
24 25 50 1
25 26 2 21
26 27 4 13
27 28 6 7
28 29 8 3
29 30 10 1
30 31 12 1
31 32 14 3
32 33 16 7
33 34 18 13
34 35 20 21
35 36 22 1
36 37 24 13
37 38 26 27
38 39 28 13
39 40 30 1
40 41 32 21
41 42 34 13
42 43 36 7
43 44 38 3
44 45 40 1
45 46 42 1
46 47 44 3
47 48 46 7
48 49 48 13
49 50 50 21
50 51 2 1
51 52 4 13
52 53 6 27
53 54 8 13
54 55 10 1
55 56 12 21
56 57 14 13
57 58 16 7
58 59 18 3
59 60 20 1
60 61 22 1
61 62 24 3
62 63 26 7
63 64 28 13
64 65 30 21
65 66 32 1
66 67 34 13
67 68 36 27
68 69 38 13
69 70 40 1
70 71 42 21
71 72 44 13
72 73 46 7
73 74 48 3
74 75 50 1
75 76 2 1
76 77 4 3
77 78 6 7
78 79 8 13
79 80 10 21
80 81 12 1
81 82 14 13
82 83 16 27
83 84 18 13
84 85 20 1
85 86 22 21
86 87 24 13
87 88 26 7
88 89 28 3
89 90 30 1
90 91 32 1
91 92 34 3
92 93 36 7
93 94 38 13
94 95 40 21
95 96 42 1
96 97 44 13
97 98 46 27
98 99 48 13
99 100 50 1
100 101 2 21
