1 2 0.9234 2 3 0.84434 3 4 0.0
4 5 0.63434
5 6 0.0 6 7 0.44324
7 8 0.343234
8 9 0.0
9 10 0.1343 10 11 1.034 11 12 0.0
12 13 0.82343242 13 14 0.734342
14 15 0.0
15 16 0.0 16 17 0.0234
17 18 0.0
18 19 0.2434 19 20 0.0
20 21 0.0
21 22 0.943433 22 23 0.0
23 24 0.73432
24 25 0.6
25 26 0.5234
26 27 0.0
27 28 0.332423
28 29 0.23242
29 30 0.1
30 31 1.03243
31 32 0.0
32 33 0.0
33 34 0.734
34 35 0.0
35 36 0.54334
36 37 0.0
37 38 0.3342
38 39 0.0
39 40 0.13443
40 41 1.043
41 42 0.0
42 43 0.0
43 44 0.7234
44 45 0.0
45 46 0.5324
46 47 0.0
47 48 0.024324
48 49 0.0
49 50 0.1343
50 51 0.0
